% IK params and main_3Dofs 
a1 = 0.15;
a2 = 0.4;
a3 = 0.3;
a4 = 0.16;

qd = [ 0.1 0.2 0.1];

t1 = 0;
t2 = pi/3;
d1 = 0;



